# AA	RES	Proba	Binary
LYS	5	0.014199959773634002	0
VAL	6	0.01218617791085135	0
SER	7	0.009948365696072718	0
HIS	8	0.06526963841077622	0
PRO	9	0.0068952980547586345	0
GLY	10	0.009971560783088243	0
GLU	11	0.01599373262950446	0
MET	12	0.006689327722613845	0
ILE	13	0.004847698663472249	0
ALA	14	0.033203682220723924	0
ARG	15	0.006208769442674848	0
ASP	16	0.007893485324225099	0
LEU	17	0.018317838866075277	0
GLU	18	0.01551309656033745	0
ASP	19	0.007449669657687161	0
MET	20	0.009434551962887977	0
GLY	21	0.025038745321358857	0
VAL	22	0.025168461731761873	0
SER	23	0.8367287145571294	1
GLY	24	0.843319760432886	1
ARG	25	0.8631196387029856	1
ARG	26	0.05939210016573984	0
PHE	27	0.004847698663472249	0
ALA	28	0.004847698663472249	0
HIS	29	0.0679164791497126	0
ASN	30	0.030100951781532888	0
ILE	31	0.004847698663472249	0
GLY	32	0.24066214424842564	0
VAL	33	0.8600195001764654	1
THR	34	0.8996910489371166	1
PRO	35	0.7719068881949093	1
ALA	36	0.8795600488606219	1
THR	37	0.8944113482134871	1
VAL	38	0.006536550154180657	0
SER	39	0.863849740948948	1
ARG	40	0.8851383235813474	1
LEU	41	0.06298323144701204	0
LEU	42	0.06448839194618133	0
ALA	43	0.4414843065533623	1
GLY	44	0.06338218293962905	0
LYS	45	0.686257944463178	1
THR	46	0.8795507870901625	1
ALA	47	0.8237602476396526	1
LEU	48	0.09765061329773259	0
THR	49	0.8267902583945352	1
PRO	50	0.030061164222390087	0
SER	51	0.0532298126430987	0
LEU	52	0.7228345090379555	1
SER	53	0.004847698663472249	0
ILE	54	0.011418917662212723	0
ARG	55	0.03427545583069761	0
ILE	56	0.004847698663472249	0
ALA	57	0.004847698663472249	0
ALA	58	0.006024950457599552	0
ALA	59	0.006758800043134616	0
LEU	60	0.006474253053469268	0
GLY	61	0.005248505255402792	0
SER	62	0.005200922861851991	0
THR	63	0.008635294857382065	0
PRO	64	0.008615058596441069	0
GLU	65	0.006567529889990025	0
PHE	66	0.006310555913262654	0
TRP	67	0.004847698663472249	0
LEU	68	0.01334696951404606	0
ARG	69	0.008623092673395918	0
LEU	70	0.007518816679951069	0
GLN	71	0.007081056234350867	0
SER	72	0.008669571406124007	0
ASN	73	0.006049378956172241	0
TYR	74	0.013535859961779646	0
ASP	75	0.012228573891201737	0
LEU	76	0.0050987558262604905	0
ARG	77	0.005169242793346063	0
GLN	78	0.0053592636521173935	0
LEU	79	0.005024994502890873	0
GLU	80	0.005146053831069884	0
ASN	81	0.005065744039929542	0
GLN	82	0.005752781270675154	0
ILE	83	0.005192411755334912	0
ASP	84	0.00557095230590345	0
THR	85	0.008329670110428034	0
SER	86	0.0051517004647050465	0
GLY	87	0.005791046370446747	0
ILE	88	0.0077710281851855545	0
VAL	89	0.012094869391347077	0
LEU	90	0.019499336200242582	0
TYR	91	0.029744841404534796	0
GLY	92	0.02126216461139961	0
GLU	93	0.01121692628684097	0
SER	94	0.01431084570906226	0
ASN	95	0.009909779805538591	0
